00070148288263102/07/201011.50.27WS0847426ABILL07                                  000    0.00                                000    0.00                                000    0.00                                000    0.00                                000    0.00                                000    0.00
00070148288263102/07/201011.50.31CA0847426ABILL07                                  000    0.00                                000    0.00                                000    0.00                                000    0.00                                000    0.00                                000    0.00
00070358288646102/07/201010.40.58CA0847426ABILL07                                  000    0.00                                000    0.00                                000    0.00                                000    0.00                                000    0.00                                000    0.00
00070838284335802/07/201011.55.09WS0847426ABILL07                                  000    0.00                                000    0.00                                000    0.00                                000    0.00                                000    0.00                                000    0.00
00070838284335802/07/201011.55.12CA0847426ABILL07                                  000    0.00                                000    0.00                                000    0.00                                000    0.00                                000    0.00                                000    0.00
00070838285078302/07/201011.58.35WS0847426ABILL07                                  000    0.00                                000    0.00                                000    0.00                                000    0.00                                000    0.00                                000    0.00
00070838285078302/07/201011.58.37CA0847426ABILL07                                  000    0.00                                000    0.00                                000    0.00                                000    0.00                                000    0.00                                000    0.00
00071188284473402/07/201010.54.51WS0847426ABILL07                                  000    0.00                                000    0.00                                000    0.00                                000    0.00                                000    0.00                                000    0.00
00071188284473402/07/201010.55.12CA0847426ABILL07                                  000    0.00                                000    0.00                                000    0.00                                000    0.00                                000    0.00                                000    0.00
00071968287418002/07/201011.02.21WS0847426ABILL07                                  000    0.00                                000    0.00                                000    0.00                                000    0.00                                000    0.00                                000    0.00
00071968287418002/07/201011.02.24CA0847426ABILL07                                  000    0.00                                000    0.00                                000    0.00                                000    0.00                                000    0.00                                000    0.00
00071968288311002/07/201011.12.28WS0847426ABILL07                                  000    0.00                                000    0.00                                000    0.00                                000    0.00                                000    0.00                                000    0.00
00071968288311002/07/201011.12.31CA0847426ABILL07                                  000    0.00                                000    0.00                                000    0.00                                000    0.00                                000    0.00                                000    0.00
00073058285656902/07/201011.14.55CA0847426ABILL07                                  000    0.00                                000    0.00                                000    0.00                                000    0.00                                000    0.00                                000    0.00
00075968285260602/07/201010.43.06WS0847426ABILL07                                  000    0.00                                000    0.00                                000    0.00                                000    0.00                                000    0.00                                000    0.00
00075968285260602/07/201010.43.10CA0847426ABILL07                                  000    0.00                                000    0.00                                000    0.00                                000    0.00                                000    0.00                                000    0.00
00075968285788302/07/201010.43.54WS0847426ABILL07                                  000    0.00                                000    0.00                                000    0.00                                000    0.00                                000    0.00                                000    0.00
00075968285788302/07/201010.43.56CA0847426ABILL07                                  000    0.00                                000    0.00                                000    0.00                                000    0.00                                000    0.00                                000    0.00
00075968286311002/07/201010.44.38WS0847426ABILL07                                  000    0.00                                000    0.00                                000    0.00                                000    0.00                                000    0.00                                000    0.00
00075968286311002/07/201010.44.41CA0847426ABILL07                                  000    0.00                                000    0.00                                000    0.00                                000    0.00                                000    0.00                                000    0.00
00077168287008702/07/201011.18.18CA0847426ABILL07                                  000    0.00                                000    0.00                                000    0.00                                000    0.00                                000    0.00                                000    0.00
00077748285253302/07/201011.24.04CA0847426ABILL07                                  000    0.00                                000    0.00                                000    0.00                                000    0.00                                000    0.00                                000    0.00
00079068248317002/07/201010.37.58WS0847426ABILL07                                  000    0.00                                000    0.00                                000    0.00                                000    0.00                                000    0.00                                000    0.00
00079068248317002/07/201010.38.01CA0847426ABILL07                                  000    0.00                                000    0.00                                000    0.00                                000    0.00                                000    0.00                                000    0.00
00079858286563802/07/201011.47.38CA0847426ABILL07                                  000    0.00                                000    0.00                                000    0.00                                000    0.00                                000    0.00                                000    0.00
00087428287649602/07/201011.48.22CA0847426ABILL07                                  000    0.00                                000    0.00                                000    0.00                                000    0.00                                000    0.00                                000    0.00
